0,2 4,839161656 A
0,4 5,043697771 A
0,6 4,548758355 A
0,8 3,626296189 A
1 3,777023723 A
1,2 3,009015886 A
1,4 2,963880389 A
1,6 2,185124748 A
1,8 1,809000661 A
2 1,634322957 A
2,2 0,919315808 A
2,4 0,515845586 A
2,6 0,502571483 A
2,8 -0,332149786 A
3 0,082429368 A
3,2 -0,47429866 A
3,4 -1,024828934 A
3,6 -1,660408796 A
3,8 -2,477061314 A
4 -2,899482942 A
4,2 -2,78043264 A
4,4 -3,067248941 A
4,6 -3,730859517 A
4,8 -4,223165137 A
5 -3,977326057 A
5,2 -4,699555208 A
5,4 -4,73372386 A
5,6 -5,949667516 A	
5,8 -5,912389894 A
6 -6,750912844 A
0,2 5,776117785 B
0,4 6,088224 B
0,6 5,099807062 B
0,8 5,285979623 B
1 5,030360354 B
1,2 4,118991581 B
1,4 3,839315515 B
1,6 3,278899842 B
1,8 3,210410483 B
2 2,230539618 B
2,2 1,913241393 B
2,4 2,272924192 B
2,6 1,133540493 B
2,8 0,633607804 B
3 0,384251622 B
3,2 0,17456169 B
3,4 -0,271964762 B
3,6 -0,77041877 B
3,8 -1,182224717 B
4 -1,100788947 B
4,2 -2,27745889 B
4,4 -2,462855515 B
4,6 -2,187547774 B
4,8 -3,290209121 B
5 -3,489036554 B
5,2 -3,642730068 B
5,4 -4,616142787 B
5,6 -4,485012876 B
5,8 -4,700576381 B
6 -5,528898302 B
